0.5348242
0.4279261
0.6337585
0.1967004
0.9226179
-0.7024477
0.0131345
0.9996550
-0.9986201
-0.9944842
-0.9779978
-0.9129594
-0.6669898
0.1102493
0.9756902
-0.7811937
0.7368374
-0.7920459
0.6854684
-0.6613866
0.7413643
-0.7045470
0.3774754
-0.5027848
0.8011111
-0.9508619
0.8028059
-0.9034285
0.8607385
-0.6614806
0.7858180
-0.4361511
0.3226026
-0.1527395
-0.0565727
-0.3412753
0.5894084
-0.5012277
0.6487506
-0.4689965
0.5276395
-0.5677613
0.6190836
-0.6698887
0.8045157
-0.7249241
0.8473998
-0.8152188
0.8579265
-0.7456999
0.4332947
-0.1571134
0.4925754
-0.0074507
0.2592872
0.0847288
-0.3684163
0.2792789
-0.2652216
0.2140710
-0.0465331
-0.0173795
0.6699269
-0.3628347
0.5387465
-0.6997664
0.5729174
-0.5628721
0.5500471
-0.7807629
0.8203251
-0.7586559
0.6671417
-0.7664616
0.7672429
-0.7881920
0.6702003
-0.8901461
0.5968909
-0.6157127
0.6071911
-0.5518737
0.6793044
-0.6663286
0.8252003
-0.8269200
0.4915938
-0.2690033
-0.0665397
-0.3495429
0.7121818
-0.8423486
0.7968354
-0.7550346
0.6004401
-0.6225224
0.6702250
-0.5003869
0.7678084
-0.7105568
0.5757345
-0.5340067
0.5038980
-0.1622306
0.2013795
0.2388578
-0.5597676
0.4794442
0.5402666
0.4162240
0.6535152
0.1458358
0.9574638
-0.8334740
-0.3893577
0.6968011
0.0289364
0.9983254
-0.9933071
-0.9733179
-0.8946955
-0.6009601
0.2776939
0.8457722
-0.4306611
0.6290621
0.2085619
0.9130039
-0.6671522
0.1098158
0.9758810
-0.9046874
-0.6369188
0.1886690
0.9288080
-0.7253687
-0.0523194
0.9945254
-0.9781613
-0.9135992
-0.6693271
0.1040024
0.9783670
-0.9144041
-0.6722695
0.0961073
0.9815268
-0.9267896
-0.7178779
-0.0306974
0.9981153
-0.9924685
-0.9699874
-0.8817510
-0.5549696
0.3840175
0.7050611
0.0057776
0.9999332
-0.9997330
-0.9989320
-0.9957303
0.8685796
-0.9125205
0.5496734
-0.0244151
-0.1734946
-0.1426525
0.3303814
-0.2425272
0.3928457
-0.4327264
0.6776076
-0.4775881
0.4338557
-0.5482114
0.7979784
-0.8781113
0.8036306
-0.7477342
0.5742510
-0.3893189
0.6272898
0.0040940
-0.0749283
-0.0719075
0.3023939
-0.0084238
-0.1347247
-0.0007205
0.2856329
0.8368277
-0.4005614
0.6791012
0.0776431
0.9879431
-0.9520631
-0.8128484
-0.3214449
0.7933464
-0.2587969
0.8660483
-0.5000794
0.6108360
-0.6934556
0.7041935
-0.8575834
0.9507832
-0.9198786
0.7279040
-0.4825730
0.5894578
-0.3048027
0.8141906
-0.3258126
0.7876923
-0.2409182
0.8839168
-0.5626178
0.3669224
0.7307359
-0.0679500
0.9907656
-0.9632330
-0.8556355
-0.4642241
0.5689920
0.3524961
0.7514930
-0.1294833
0.9664681
-0.8681213
-0.5072692
0.4853560
0.5288592
0.4406159
0.6117153
0.2516089
0.8733860
-0.5256060
0.4474766
0.5995294
0.2811290
0.8419330
-0.4177024
0.6510494
0.1522694
0.9536280
-0.8188129
-0.3409092
0.7675619
-0.1783025
0.9364164
-0.7537514
-0.1362822
0.9628543
-0.8541768
-0.4592361
0.5782045
0.3313591
0.7804023
-0.2180554
0.9049037
-0.6377015
0.1866736
0.9303059
-0.7309382
-0.0685413
0.9906042
-0.9625933
-0.8531718
-0.4558044
0.4474518
-0.6186287
0.5956167
-0.4775608
-0.1629119
0.4297503
-0.7306003
0.6606929
-0.4088919
0.2020393
-0.0591403
0.7428441
-0.6758326
0.8101509
-0.7087553
0.4837073
-0.5504638
0.6287495
-0.5323074
0.7391641
-0.6848207
0.2135819
0.1050030
0.3089880
-0.5945667
0.2427199
-0.4388029
0.1981135
0.0958662
-0.5250875
0.6748227
-0.9115693
0.9357086
-0.7811558
0.6260823
-0.3712893
0.4956421
-0.3430821
0.6905733
-0.5231653
0.2091557
0.0580121
-0.4462289
0.0625883
0.4537028
-0.2730086
0.7683442
-0.7701998
0.3279054
-0.3164125
-0.1082858
0.6137843
-0.4764734
0.2073623
-0.5709621
0.6575813
-0.6411002
0.6802616
-0.7901546
0.6772872
-0.6809146
0.6232758
-0.8985738
0.8464762
-0.8165629
0.5758107
-0.6132590
0.4957400
-0.5935066
0.6763210
-0.8178277
0.6247948
-0.5892827
0.4952565
-0.1431953
0.1363923
-0.2816754
-0.6085626
0.5982532
-0.7980401
0.6686279
0.1058735
0.9775816
-0.9113317
-0.6610508
0.1260238
0.9682360
-0.8749620
-0.5311169
0.4358296
0.6201052
0.2309392
0.8933342
-0.5960920
0.2893486
0.8325547
-0.3862947
0.7015528
0.0156474
0.9995103
-0.9980417
-0.9921746
-0.9688210
-0.8772283
-0.5390590
0.4188308
0.6491616
0.1571785
0.9505898
-0.8072420
-0.3032793
0.8160433
-0.3318534
0.7797467
-0.2160097
0.9066796
-0.6441358
0.1701781
0.9420788
-0.7750251
-0.2013278
0.9189343
-0.6888804
0.0508877
0.9948209
-0.9793372
-0.9182027
-0.6861923
0.0582802
0.9932068
-0.9729196
-0.8931453
-0.5954170
0.2909572
0.8306879
-0.3800846
0.7110714
-0.0112450
0.9997471
-0.9989885
-0.9959562
-0.9838574
-0.9359508
-0.7520079
-0.1310317
0.9656614
-0.8650039
-0.4964633
0.5070483
0.4858040
0.5279889
0.4424555
0.6084663
0.2595376
0.8652805
-0.4974206
0.5051455
0.4896561
0.5204738
0.4582140
0.5800798
0.3270148
0.7861226
-0.2359775
0.8886292
-0.5793237
0.3287680
0.7838232
-0.2287576
0.8953399
-0.6032672
0.2721374
0.8518825
-0.4514076
0.5924624
0.2979765
0.8224200
-0.3527492
0.7511360
-0.1284107
0.9670214
-0.8702607
-0.5147072
0.4701530
0.5579124
0.3774676
0.7150364
-0.0225542
0.9989826
-0.9959325
-0.9837633
-0.9355803
-0.7506209
-0.1268635
0.9678113
-0.8733175
-0.5253670
0.4479789
0.5986297
0.2832849
0.8394994
-0.4095184
0.6645893
0.1166421
0.9727893
-0.8926379
-0.5936048
0.2952666
0.8256353
-0.3633473
0.7359575
-0.8197462
0.7428283
-0.7637857
0.5341293
-0.6943552
0.6371697
-0.4257038
0.5884051
-0.4158964
0.4688526
-0.6289462
0.6942132
-0.7301692
0.8700324
-0.7286063
0.7865565
-0.2373423
0.8873372
-0.5747347
0.3393600
0.7696696
-0.1847826
0.9317108
-0.7361700
-0.0838925
0.9859241
-0.9440927
-0.7826220
-0.2249943
0.8987551
-0.6155215
0.2422665
0.8826139
-0.5580145
0.3772397
0.7153805
-0.0235385
0.9988919
-0.9955700
-0.9823191
-0.9299018
-0.7294346
-0.0641498
0.9917696
-0.9672139
-0.8710055
-0.5173011
0.4647992
0.5679235
0.3549259
0.7480553
-0.1191733
0.9715954
-0.8879954
-0.5770715
0.3339770
0.7769188
-0.2072055
0.9141317
-0.6712737
0.0987834
0.9804837
-0.9226966
-0.7027379
0.0123189
0.9996965
-0.9987861
-0.9951475
-0.9806371
-0.9232981
-0.7049588
0.0060662
0.9999264
-0.9997056
-0.9988227
-0.9952934
-0.9812178
-0.9255768
-0.7133848
-0.0178357
0.9993638
-0.9974559
-0.9898366
-0.9595532
-0.8414845
-0.4161923
0.6535679
0.1456981
0.9575441
-0.8337815
-0.3903832
0.1699982
0.3821194
-0.2806501
0.4202941
-0.3106601
0.1558308
0.0260593
-0.5173584
0.0956986
-0.1169653
-0.0481566
0.0446495
0.1681683
-0.3219873
0.3424066
0.7655155
-0.1720280
0.9408128
-0.7702573
-0.1865926
0.9303664
-0.7311632
-0.0691992
0.9904229
-0.9618752
-0.8504079
-0.4463874
0.6014767
0.2764517
0.8471489
-0.4353227
0.6209884
0.2287469
0.8953497
-0.6033023
0.2720526
0.8519748
-0.4517221
0.5918944
0.2993221
0.8208126
-0.3474666
0.7585340
-0.1507476
0.9545503
-0.8223327
-0.3524620
0.7515411
-0.1296281
0.9663931
-0.8678313
-0.5062624
0.4873967
0.5248889
0.4489833
0.5968280
0.2875928
0.8345808
-0.3930502
0.6910230
0.0449744
0.9959546
-0.9838512
-0.9359262
-0.7519158
-0.1307547
0.9658064
-0.8655641
-0.4984025
0.5031899
0.4935998
0.5127184
0.4742397
0.5501935
0.3945742
0.6886224
0.0515984
0.9946752
-0.9787575
-0.9159326
-0.6778651
0.0809979
0.9868787
-0.9478591
-0.7968737
-0.2700155
0.8541833
-0.4592582
0.5781637
0.3314534
0.7802773
-0.2176654
0.9052435
-0.6389317
0.1835327
0.9326315
-0.7396031
-0.0940256
0.9823184
-0.9298987
-0.7294233
-0.0641168
0.9917781
-0.9672475
-0.8711354
-0.5177539
0.4638617
0.5696646
0.3509646
0.7536478
-0.1359699
0.9630244
-0.8548319
-0.4614751
0.5740814
0.3408610
0.7676275
-0.1785040
0.9362727
-0.7532130
-0.1346597
0.9637335
-0.7539076
0.6726906
-0.5129514
0.5183200
-0.7314018
0.6019081
-0.6992859
0.6996510
-0.6319539
0.8119542
-0.8726618
0.9397416
-0.8332047
-0.3884601
0.6981976
0.0250403
0.9987460
-0.9949870
-0.9799983
-0.9207932
-0.6957203
0.0319465
0.9979588
-0.9918437
-0.9675080
-0.8721433
-0.5212678
0.4565597
0.5831065
0.3199737
0.7952337
-0.2647933
0.8597690
-0.4784054
0.5422565
0.4119157
0.6606509
0.1270808
0.9677009
-0.8728902
-0.5238745
0.4511110
0.5929977
0.2967074
0.8239295
-0.3577196
0.7440734
-0.1072906
0.9769775
-0.9089699
-0.6524527
0.1486109
0.9558296
-0.8272205
0.8294330
-0.7282765
0.3411906
0.1750989
0.0927908
0.0473190
0.0066001
0.1364388
-0.3153612
0.0157348
-0.3415868
0.0598598
-0.6204951
0.4071649
-0.5653741
0.6400300
-0.5882704
0.5277355
-0.4582525
0.4378162
-0.3036949
0.2928392
-0.2778240
0.6839521
-0.7772886
0.6965267
-0.8159800
0.7755793
-0.6001343
0.7381976
-0.8371099
0.9171433
-0.6986111
0.6488433
-0.5835856
0.2569827
0.1386645
-0.0930233
0.5232847
-0.6135554
0.7892501
-0.8176513
0.7171856
-0.7130598
0.6367893
-0.7918889
0.7849769
-0.7520679
0.7799499
-0.7737650
0.6572884
-0.3494638
-0.1029158
0.2237112
-0.0999205
0.0828944
0.6474061
-0.8186325
0.8594788
-0.7359710
0.6563514
-0.8399822
0.7580774
-0.8469790
0.2924219
-0.2123663
0.1093209
-0.2384164
0.1408022
-0.1537132
0.4009644
-0.6585558
0.6798223
-0.7203936
0.7672510
-0.8185189
0.5753624
0.3379161
0.7716254
-0.1908115
0.9271820
-0.7193328
-0.0348794
0.9975669
-0.9902793
0.5952899
-0.3946013
0.6371140
-0.6857831
0.6751644
-0.5434803
0.7226879
-0.5083170
0.5015172
-0.6803768
0.7240907
-0.6545818
0.7719631
-0.6410964
0.7246322
-0.6739570
0.7506755
-0.6596269
0.8134457
-0.6207506
0.8599885
-0.7841166
0.6488963
-0.4064807
0.1977770
0.3036952
-0.3460187
0.3264572
0.1074858
-0.4280370
0.3415347
-0.6114094
0.4692102
-0.4078180
0.6188609
-0.5242947
0.3633458
-0.0736109
0.1351705
-0.2309957
0.1227476
-0.1808232
0.5558676
-0.6232615
0.2230903
0.9004614
-0.6216615
0.2270739
0.8968749
-0.6087691
0.2588003
0.8660448
-0.5000674
0.4998653
0.5002694
0.4994611
0.5010773
0.4978431
-0.4420937
0.6091064
0.2579789
0.8668938
-0.5030098
0.4939624
0.5120024
0.4757072
0.5474054
0.4006947
0.6788875
0.0782236
0.9877621
-0.9513481
-0.8101265
-0.3126099
0.8045501
-0.2946019
0.8264195
-0.3659384
0.7321782
-0.0721700
0.9895830
-0.9585490
-0.8376324
-0.4032561
0.6747690
0.0893736
0.9840247
-0.9366093
-0.7544741
-0.1384625
0.0550806
-0.3175179
0.4582568
-0.3929064
0.3288597
-0.0173213
0.0257872
0.2760690
-0.5084021
0.5447215
-0.5182718
0.4772971
-0.5485249
0.3956382
0.3727265
-0.1089751
0.2363190
-0.4788666
0.4665249
-0.5801482
0.6702201
-0.8550664
0.8872806
-0.5228034
0.3652553
-0.5294957
0.8199350
-0.7244661
0.8344639
-0.9390782
0.9194070
-0.8362597
0.6742663
-0.7378074
0.6755249
-0.7591561
0.5845486
-0.7056109
0.6415991
0.1767012
0.9375534
-0.7580127
-0.1491665
0.9554987
-0.8259556
-0.3644052
0.7344177
-0.0787386
0.9876005
-0.9507093
-0.8076964
-0.3047470
0.8142585
-0.3260340
0.7874037
-0.2400092
0.8847912
-0.5657108
0.3599426
0.7408826
-0.0978142
0.9808648
-0.8599183
0.7828170
-0.6728805
0.5076612
-0.7247674
0.7745743
-0.8894481
0.8103620
-0.7563890
-0.1442487
0.9583846
-0.8370022
-0.4011452
